s1010=200x24MRN,200,24,803,0
s1020=192x24MRN,192,24,803,0
s1030=192x19MRN,192,19,291,0
s1040=192x17MRN,192,17,291,0
s1050=168x24MRN,168,24,803,0
s1060=160x24MRN,160,24,803,0
s1070=160x19MRN,160,19,291,0
s1071=160x19MRN,160,19,803,0
s1080=160x17MRN,160,17,291,0
s1090=144x19MRN,144,19,547,0
s1095=136x24MRN,136,24,1059,0
s1100=128x17MRN,128,17,291,0
s1110=128x15MRN,128,15,291,0
s1120=112x16MRN,112,16,1059,0
s1130=112x12MRN,112,12,1059,0
s1140=96x15MRN,96,15,291,0
s1150=96x8MRN,96,8,291,0
s1160=84x12MRN,84,12,1059,0
s1170=40x24MRN,40,24,803,0
s1180=32x19MRN,32,19,291,0
s1190=32x17MRN,32,17,291,0
s1200=32x15MRN,32,15,291,0
s1209=28x24MRN,28,24,1059,0
s1210=28x16MRN,28,16,1059,0
s1220=28x12MRN,28,12,1059,0
