s380=240x24LED,240,24,35,0
s390=200x24LED,200,24,35,0
s400=192x32LED,192,32,35,0
s410=192x19LED,192,19,35,0
s420=192x17LED,192,17,35,0
s430=192x15LED,192,15,35,0
s440=190x24LED,190,24,35,0
s450=160x24LED,160,24,35,0
s460=160x19LED,160,19,35,0
s470=160x17LED,160,17,35,0
s480=160x15LED,160,15,35,0
s490=144x32LED,144,32,35,0
s500=144x19LED,144,19,35,0
s510=144x17LED,144,17,35,0
s511=140x19LED,140,19,35,0
s520=140x16LED,140,16,35,0
s530=140x15LED,140,15,35,0
s540=128x32LED,128,32,35,0
s550=128x24LED,128,24,35,0
s560=128x19LED,128,19,35,0
s570=128x17LED,128,17,35,0
s575=128x16LED,128,16,35,0
s580=128x15LED,128,15,35,0
s581=128x13LED,128,13,35,0
s590=120x19LED,120,19,35,0
s600=120x16LED,120,16,35,0
s610=112x16LED,112,16,35,0
s620=112x15LED,112,15,35,0
s630=112x12LED,112,12,35,0
s640=108x14LED,108,14,35,0
s650=108x10LED,108,10,35,0
s660=104x19LED,104,19,35,0
s670=96x32LED,96,32,35,0
s680=96x17LED,96,17,35,0
s690=96x16LED,96,16,35,0
s700=96x15LED,96,15,35,0
s701=96x13LED,96,13,35,0
s710=96x8LEDext,96,8,35,0
s720=96x7LEDext,96,7,35,0
s730=80x24LEDext,80,24,35,0
s740=80x7LEDext,80,7,35,0
s750=72x10LED,72,10,35,0
s760=64x17LED,64,17,35,0
s770=64x16LED,64,16,35,0
s780=64x15LED,64,15,35,0
s785=64x13LED,64,13,35,0
s790=48x32LED,48,32,35,0
s800=48x15LED,48,15,35,0
s810=48x8LED,48,8,35,0
s820=40x24LED,40,24,35,0
s830=40x7LEDext,40,7,35,0
s840=38x24LED,38,24,35,0
s841=36x24LED,36,24,35,0
s850=36x19LED,36,19,35,0
s860=36x17LED,36,17,35,0
s870=36x10LED,36,10,35,0
s880=35x16LED,35,16,35,0
s890=35x15LEDext,35,15,35,0
s900=32x24LED,32,24,35,0
s905=32x19LED,32,19,35,0
s910=32x17LED,32,17,35,0
s920=32x16LED,32,16,35,0
s930=32x15LED,32,15,35,0
s931=32x13LED,32,13,35,0
s940=32x10LEDext,32,10,35,0
s950=30x7LEDext,32,7,35,0
s960=28x16LED,28,16,35,0
s970=28x15LED,28,15,35,0
s980=28x12LED,28,12,35,0
s990=26x19LED,26,19,35,0
s1000=20x11LED,20,11,35,0
s1430=136x24LED,136,24,35,0
s1440=64x32LED,64,32,35,0
s1450=34x24LED,34,24,35,0
s1460=40x38LED,40,38,35,0
s1470=64x38LED,64,38,35,0
s1480=230x32LED,230,32,35,0
s1490=170x32LED,170,32,35,0
s1500=51x32LED,51,32,35,0
s1510=170x24LED,170,24,35,0
s1520=51x24LED,51,24,35,0