s10=140x24,140,24,1,0
s20=128x32,128,32,1,0
s30=128x24,128,24,2,0
s40=128x19,128,19,2,0
s50=128x16,128,16,2,0
s60=112x16,112,16,2,0
s70=112x7,112,7,2,0
s80=96x19,96,19,2,0
s90=96x16,96,16,2,0
s100=84x14,84,14,2,0
s110=84x11,84,11,2,0
s120=84x8,84,8,2,0
s130=84x7,84,7,2,0
s140=64x16,64,16,2,0
s150=56x7,56,7,2,0
s160=49x16,49,16,2,0
s170=42x21,42,21,2,0
s180=32x24,32,24,2,0
s190=32x16,32,16,2,0
s200=28x14,28,14,2,0
s210=28x7,28,7,2,0
s220=21x14,21,14,2,0
s230=21x7,21,7,2,0
s240=20x14,20,14,2,0
s250=20x11,20,11,2,0
s260=20x7,20,7,2,0
s270=14x11,14,11,2,0
s280=11x7,11,7,2,0
