s1230=200x24FC,200,24,823,0
s1240=192x19FC,192,19,311,0
s1250=192x17FC,192,17,311,0
s1253=160x24FC,160,24,823,0
s1255=160x17FC,160,17,311,0
s1260=160x19FC,160,19,311,0
s1270=160x17FC,160,17,311,0
s1280=144x19FC,144,19,567,0
s1290=128x17FC,128,17,311,0
s1300=128x15FC,128,15,311,0
s1305=112x15FC,112,15,311,0
s1310=104x19FC,104,19,1335,0
s1320=96x15FC,96,15,311,0
s1330=96x8FC,96,8,311,0
s1340=84x12FC,84,12,1079,0
s1350=80x24FC,80,24,823,0
s1353=64x19FC,64,19,311,0
s1355=48x15FC,48,15,1591,0
s1360=40x24FC,40,24,823,0
s1365=36x10FC,36,10,567,0
s1367=32x17FC,32,17,311,0
s1370=32x15FC,32,15,311,0
s1375=32x8FC,32,8,311,0
s1380=28x15FC,28,15,1079,0
s1390=26x19FC,26,19,1335,0
